4 150 720
4 196 731
4 1 1
4 161 735
4 166 746
4 171 766
4 1 1
-4 3 4 0
-4 2 2 0
-4 3 3 0
-4 3 3 0
-4 1 2 0
-4 4 8 43
-4 2 3 43
-4 0 2 43
-4 2 3 43
-4 3 7 43
-4 2 2 43
-4 1 2 43
-4 2 3 43
-3.1 179
-3.1 1
-3.1 1
-3 1
-3 1
-3 1
-2.9 1
-2.9 1
-2.9 1
-2.8 1
-2.8 1
-2.8 1
-2.7 1
-2.7 1
-2.7 1
-2.6 1
-2.6 1
-2.6 1
-2.5 1
-2.5 1
-2.5 1
-2.4 1
-2.4 1
-2.4 1
-2.3 1
-2.3 1
-2.3 1
-2.2 1
-2.2 1
-2.2 1
-2.1 1
-2.1 1
-2.1 1
-2 1
-2 1
-2 1
-1.9 1
-1.9 1
-1.9 1
-1.8 1
-1.8 1
-1.8 1
-1.7 1
-1.7 1
-1.7 1
-1.6 1
-1.6 1
-1.6 1
-1.5 1
-1.5 1
-1.5 1
-1.4 1
-1.4 1
-1.4 1
-1.3 1
-1.3 1
-1.3 1
-1.2 1
-1.2 1
-1.2 1
-1.1 1
-1.1 1
-1.1 1
-1 1
-1 1
-1 1
-0.9 1
-0.9 1
-0.9 1
-0.8 1
-0.8 1
-0.8 1
-0.7 1
-0.7 1
-0.7 1
-0.6 1
-0.6 1
-0.6 1
-0.5 1
-0.5 1
-0.5 1
-0.4 1
-0.4 1
-0.4 1
-0.3 1
-0.3 1
-0.3 1
-0.2 1
-0.2 1
-0.2 1
-0.1 1
-0.1 1
-0.1 1
1.52656e-015 1
1.52656e-015 1
1.52656e-015 1
0.1 1
0.1 1
0.1 1
0.2 1
0.2 1
0.2 1
0.3 1
0.3 1
0.3 1
0.4 1
0.4 1
0.4 1
0.5 1
0.5 1
0.5 1
0.6 1
0.6 1
0.6 1
0.7 1
0.7 1
0.7 1
0.8 1
0.8 1
0.8 1
0.9 1
0.9 1
0.9 1
1 1
1 1
1 1
1.1 1
1.1 1
1.1 1
1.2 1
1.2 1
1.2 1
1.3 1
1.3 1
1.3 1
1.4 1
1.4 1
1.4 1
1.5 1
1.5 1
1.5 1
1.6 1
1.6 1
1.6 1
1.7 1
1.7 1
1.7 1
1.8 1
1.8 1
1.8 1
1.9 1
1.9 1
1.9 1
2 1
2 1
2 1
2.1 1
2.1 1
2.1 1
2.2 1
2.2 1
2.2 1
2.3 1
2.3 1
2.3 1
2.4 1
2.4 1
2.4 1
2.5 1
2.5 1
2.5 1
2.6 1
2.6 1
2.6 1
2.7 1
2.7 1
2.7 1
2.8 1
2.8 1
2.8 1
2.9 1
2.9 1
2.9 1
3 1
3 1
3 1
-3.1 71
-3.1 1
-3.1 1
-3 1
-3 1
-3 1
-2.9 1
-2.9 1
-2.9 1
-2.8 1
-2.8 1
-2.8 1
-2.7 1
-2.7 1
-2.7 1
-2.6 1
-2.6 1
-2.6 1
-2.5 1
-2.5 1
-2.5 1
-2.4 1
-2.4 1
-2.4 1
-2.3 1
-2.3 1
-2.3 1
-2.2 1
-2.2 1
-2.2 1
-2.1 1
-2.1 1
-2.1 1
-2 1
-2 1
-2 1
-1.9 1
-1.9 1
-1.9 1
-1.8 1
-1.8 1
-1.8 1
-1.7 1
-1.7 1
-1.7 1
-1.6 1
-1.6 1
-1.6 1
-1.5 1
-1.5 1
-1.5 1
-1.4 1
-1.4 1
-1.4 1
-1.3 1
-1.3 1
-1.3 1
-1.2 1
-1.2 1
-1.2 1
-3.1 63
-3.1 61
-3.1 61
-3 61
-3 59
-3 59
-2.9 60
-2.9 60
-2.9 60
-2.8 59
-2.8 59
-2.8 60
-2.7 60
-2.7 61
-2.7 62
-2.6 61
-2.6 60
-2.6 61
-2.5 60
-2.5 60
-2.5 59
-2.4 60
-2.4 62
-2.4 60
-2.3 59
-2.3 61
-2.3 59
-2.2 60
-2.2 60
-2.2 61
-2.1 59
-2.1 59
-2.1 61
-2 60
-2 60
-2 60
-1.9 61
-1.9 61
-1.9 61
-1.8 60
-1.8 61
-1.8 60
-1.7 61
-1.7 61
-1.7 60
-1.6 61
-1.6 61
-1.6 59
-1.5 61
-1.5 60
-1.5 61
-1.4 60
-1.4 61
-1.4 59
-1.3 61
-1.3 59
-1.3 61
-1.2 61
-1.2 60
-1.2 59
-1.1 62
-1.1 60
-1.1 61
2.5 1 13
2.5 1 16
2.5 1 16
2.5 1 12
2.5 1 11
2.5 1 12
2.5 1 17
2.5 1 332
2.5 1 334
2.5 -3.1 310
2.5 -3 311
2.5 -2.9 311
2.5 -2.8 308
2.5 -2.7 308
2.5 -2.6 310
2.5 -2.5 311
2.5 -2.4 308
2.5 -2.3 309
2.5 -2.2 309
2.5 -2.1 308
2.5 -2 308
2.5 -1.9 311
2.5 -1.8 309
2.5 -1.7 311
2.5 -1.6 311
2.5 -1.5 312
2.5 -1.4 308
2.5 -1.3 311
2.5 -1.2 309
2.5 -1.1 309
2.5 -1 310
2.5 -0.9 309
2.5 -0.8 310
2.5 -0.7 310
2.5 -0.6 308
2.5 -0.5 310
2.5 -0.4 309
2.5 -0.3 309
2.5 -0.2 308
2.5 -0.1 309
2.5 1.52656e-015 333
2.5 0.1 331
2.5 0.2 329
2.5 0.3 333
2.5 0.4 334
2.5 0.5 333
2.5 0.6 331
2.5 0.7 334
2.5 0.8 336
2.5 0.9 332
2.5 1 337
2.5 1.1 334
2.5 1.2 335
2.5 1.3 336
2.5 1.4 338
2.5 1.5 335
2.5 1.6 335
2.5 1.7 338
2.5 1.8 340
2.5 1.9 352
2.5 2 348
2.5 -3.1 66
2.5 -3 66
2.5 -2.9 66
2.5 -2.8 67
2.5 -2.7 66
2.5 -2.6 67
2.5 -2.5 66
2.5 -2.4 66
2.5 -2.3 66
2.5 -2.2 66
2.5 -2.1 67
2.5 -2 67
2.5 -1.9 65
2.5 -1.8 66
2.5 -1.7 67
0 -3.1 74
0 -3 75
0 -2.9 74
0 -2.8 73
0 -2.7 74
0 -2.6 74
0 -2.5 73
0 -2.4 74
0 -2.3 74
0 -2.2 76
0 -2.1 74
0 -2 74
0 -1.9 75
0 -1.8 75
0 -1.7 74
0 -1.6 75
0 -1.5 74
0 -1.4 74
0 -1.3 73
1 -1.2 74
0 -1.1 73
0 -1 74
1 -0.9 73
0 -0.8 73
0 -0.7 75
0 -0.6 74
0 -0.5 73
0 -0.4 73
0 -0.3 74
0 -0.2 74
0 -0.1 74
0 1 0 -3.1 74
0 0 0 -3 74
0 0 0 -2.9 75
0 0 2 -2.8 75
0 1 0 -2.7 74
0 1 0 -2.6 75
0 0 0 -2.5 75
1 0 0 -2.4 74
0 0 0 -3.1 76
0 1 0 -3.1 77
0 0 1 -3 75
0 0 0 -2.9 76
0 0 0 -2.8 75
0 3 0 -2.7 77
0 0 0 -2.6 76
0 0 0 -2.5 75
0 0 0 -2.4 77
0 1 0 -2.3 75
0 0 0 -2.2 76
0 0 0 -2.1 76
0 0 0 -2 76
0 2 0 -1.9 76
0 0 0 -1.8 75
0 0 0 -1.7 75
0 1 0 -1.6 75
1 0 0 -1.5 76
0 1 0 -1.4 78
0 0 0 -1.3 74
0 0 0 -1.2 76
0 1 1 -1.1 77
0 0 0 -1 76
0 0 0 -0.9 77
0 0 0 -0.8 75
0 1 0 -0.7 76
0 1 0 -0.6 77
0 0 0 -0.5 76
0 1 1 -0.4 76
0 1 0 -0.3 77
0 0 1 -0.2 74
0 1 0 -0.1 77
0 0 1 -3.1 44
0 0 0 -3 44
0 0 0 -2.9 44
1 0 0 -2.8 44
0 0 0 -2.7 45
0 0 0 -2.6 44
0 0 1 -2.5 43
0 0 0 -2.4 45
4 0 1 -3.1 122
1 0 0 -3 121
0 0 0 -2.9 123
70 1 1 0 331
94 0 1 0.02 332
107 0 0 0.04 333
88 0 0 0.06 331
99 0 0 0.08 332
104 0 0 0.1 334
93 0 1 0.12 331
350 0 1 -3 417
355 0 0 -2.9 436
360 1 0 -2.8 432
444 0 0 -2.7 473
431 2 0 -2.6 466
502 0 1 -2.5 487
236 0 0 -3 372
243 0 0 -2.9 370
253 1 0 -2.8 360
261 0 0 -2.7 371
280 0 0 -2.6 363
285 0 0 -2.5 377
304 0 0 -2.4 379
314 0 0 -2.3 372
319 0 0 -2.2 371
370 0 1 -2.1 399
110 1 0 -3 369
131 0 0 -2.9 376
137 0 0 -2.8 370
129 0 0 -2.7 366
142 0 0 -2.6 378
155 0 0 -2.5 377
149 2 0 -2.4 391
150 0 0 -2.3 378
196 1 1 -2.2 387
199 1 0 -2.1 390
202 1 1 -2 390
202 0 0 -1.9 396
203 0 0 -1.8 391
260 0 0 -1.7 408
254 1 0 -1.6 404
290 1 0 -1.5 407
255 0 0 -1.4 404
301 0 0 -1.3 412
299 0 0 -1.2 408
346 0 0 -1.1 416
348 1 0 -1 416
178 0 0 -3 369
161 0 0 -2.9 390
194 0 0 -2.8 386
217 1 0 -2.7 381
234 1 0 -2.6 406
235 0 0 -2.5 381
253 0 0 -3 381
274 1 0 -2.9 380
269 1 0 -2.8 380
301 1 0 -2.7 383
309 1 0 -2.6 392
364 0 1 -2.5 407
365 0 1 -2.4 407
1027 1 0 -3 386
1047 1 0 -2.9 383
-3 229 60 0 0
-3 171 21 0 0
-2.9 180 27 1 0
-2.8 186 32 0 0
-2.7 189 28 1 0
-3 237 63 1 0
-3 248 35 0 0
-2.9 243 31 1 1
-2.8 273 52 0 0
2.5 -3 247 51 1 1
2.5 -3 246 50 0 1
2.5 -2.9 254 67 0 0
2.5 -2.8 260 83 1 1
2.5 -2.7 264 80 0 0
2.5 -2.6 260 92 1 1
2.5 -2.5 258 84 2 0
2.5 -2.4 284 104 0 0
2.5 -2.3 249 73 1 0
2.5 -2.2 265 103 0 1
2.5 -2.1 280 102 2 1
2.5 -2 306 143 1 1
2.5 -1.9 316 157 1 0
2.5 -1.8 308 152 0 1
2.5 -1.7 286 120 0 0
2.5 -1.6 316 154 1 0
2.5 -1.5 325 196 0 0
2.5 -1.4 328 220 4 0
2.5 -1.3 336 236 2 1
2.5 -1.2 331 240 2 0
2.5 -1.1 332 256 1 0
2.5 -1 326 247 3 0
2.5 -0.9 320 273 3 0
2.5 -0.8 307 260 2 0
2.5 -0.7 285 227 2 0
2.5 -0.6 272 252 0 0
2.5 -0.5 250 214 3 0
2.5 -0.4 232 210 2 0
2.5 -0.3 213 203 2 0
2.5 -0.2 195 177 0 0
2.5 -0.1 178 154 0 0
2.5 1.52656e-015 162 141 1 0
2.5 0.1 146 137 0 0
2.5 0.2 136 121 2 0
2.5 0.3 124 111 0 0
2.5 0.4 115 98 2 0
2.5 0.5 107 76 2 0
2.5 0.6 103 87 0 0
2.5 0.7 95 98 1 0
2.5 0.8 90 76 0 0
2.5 0.9 85 60 1 0
2.5 1 81 61 1 0
2.5 -3 211 29 0 0
2.5 -2.9 214 33 1 1
2.5 -2.8 219 38 0 3
2.5 -2.7 225 51 0 0
2.5 -2.6 227 43 2 0
2.5 -2.5 234 37 1 2
2.5 -2.4 238 46 1 1
2.5 -2.3 245 59 1 0
2.5 -2.2 247 60 1 0
2.5 -2.1 250 59 0 2
2.5 -2 259 66 0 2
2.5 -1.9 264 84 1 0
2.5 -1.8 276 80 2 0
2.5 -1.7 282 83 1 0
2.5 -1.6 283 99 0 0
2.5 -1.5 287 80 1 0
2.5 -1.4 293 107 0 1
2.5 -1.3 294 124 0 1
0.005 -2.5 268 103 0 0
0.005 -2.4 273 114 0 0
0.005 -2.5 207 16 0 2
0.005 -2.4 218 27 0 2
0.005 -2.3 212 20 0 0
0.005 -2.2 216 22 0 1
0.005 -2.1 221 22 0 1
0.005 -2 239 23 0 0
0.005 -1.9 242 29 0 3
0.005 -1.8 250 38 0 1
0.005 -1.7 245 46 0 1
0.005 -1.6 250 29 0 2
0.005 -1.5 257 50 0 0
0.005 -1.4 252 39 0 1
0.005 -1.3 260 45 0 0
0.005 -1.2 263 44 0 1
0.005 -1.1 262 52 0 0
0.005 -2.5 39 0 0 0
0.005 -2.4 39 0 0 0
0.005 -2.3 40 0 0 0
0.005 -2.2 41 0 0 0
0.005 -2.1 41 1 0 0
0.005 -2 43 1 0 0
0.005 -1.9 44 3 0 0
0.005 -1.8 45 3 0 0
0.005 -1.7 50 4 0 0
0.005 -1.6 51 4 0 0
0.005 -1.5 53 7 0 0
0.005 -1.4 56 6 0 0
0.005 -1.3 63 11 0 0
0.005 -1.2 70 14 0 0
0.005 -1.1 80 17 0 0
0.005 -1 87 31 0 0
0.005 -0.9 91 36 0 0
0.005 -0.8 104 76 0 0
0.005 -0.7 116 98 0 0
0.005 -0.6 128 139 0 0
0.005 -0.5 142 278 0 0
0.005 -0.4 155 408 0 0
0.005 -2.5 248 32 0 0
0.005 -2.5 316 101 0 6
0.005 -2.4 343 150 0 2
0.005 -2.3 344 124 0 1
0.005 -2.2 351 150 0 4
0.005 -2.1 362 150 0 3
0.005 -2.5 255 116 0 85 0
0.005 -2.4 247 113 0 46 0
0.005 -2.3 275 153 0 59 0
0.005 -2.2 264 142 0 74 0
0.005 -2.1 291 196 0 66 0
0.005 -2 302 237 0 72 0
0.005 -1.9 324 260 0 75 0
0.005 -1.8 323 280 0 75 0
0.005 -1.7 349 324 0 105 0
0.005 -1.6 359 390 0 69 0
0.005 -1.5 366 352 0 98 0
0.005 -1.4 412 498 0 97 0
0.005 -1.3 420 566 0 120 0
0.005 -1.2 426 639 0 99 0
0.005 -1.1 420 640 0 127 0
0.005 -1 414 642 0 107 0
0.005 -0.9 405 647 0 113 0
0.005 -0.8 391 674 0 85 0
0.005 -0.7 353 561 0 88 0
0.005 -0.6 324 523 0 79 0
0.005 -0.5 301 513 0 63 0
0.005 -0.4 267 439 0 46 0
0.005 -0.3 250 402 0 58 0
0.005 -0.2 223 379 0 68 0
0.005 -0.1 201 338 0 47 0
0.005 1.08247e-015 182 284 0 60 0
0.005 0.1 163 249 0 46 0
0.005 0.2 150 238 0 43 0
0.005 0.3 138 220 0 48 0
0.005 0.4 128 230 0 23 0
0.005 0.5 118 189 0 28 0
0.005 0.6 110 175 0 33 0
0.005 0.7 103 155 0 18 0
0.005 0.8 97 140 0 18 0
0.005 0.9 93 168 0 17 0
0.005 1 89 139 0 24 0
0.01 -2.5 341 195 0 99 0
0.01 -2.4 355 195 0 101 0
0.01 -2.3 355 194 0 119 0
0.01 -2.2 382 245 0 117 0
0.01 -2.1 388 296 0 104 0
0.01 -2 389 263 0 88 0
0.01 -1.9 399 319 0 108 0
0.01 -1.8 409 357 0 110 0
0.01 -1.7 408 325 0 129 0
0.01 -1.6 416 376 0 138 0
0.01 -1.5 419 345 0 115 0
0.01 -1.4 417 400 0 111 0
0.01 -1.3 422 384 0 123 0
0.1 0 220 12 0 103 0.00606061
0 367 50 138217
0 227 127 44119.6
0.02 227 130 96.1385
0.04 223 112 89.1518
0.06 221 102 79.6667
0 276 95 61060.1
0.02 273 94 117.372
0.04 278 109 87.9266
0.06 275 90 115.489
0.08 275 93 110.656
0.1 268 13 115.462
0.12 265 11 94.0909
0.14 266 11 112.091
0.16 254 9 85.2222
0.18 396 14 158.857
0.2 387 8 174.375
0.22 398 3 64.3333
0 220 103 349.024
0.02 216 35 330.251
0 219 83 341.176
0.02 220 87 335.662
0.04 221 81 339.613
0.06 217 62 325.401
0.08 217 73 331.172
0.1 314 20 528.962
0.12 313 9 489.964
0.14 320 12 499.394
0.16 318 12 494.094
0.18 320 14 504.095
0.2 312 6 498.995
0.22 314 9 461.438
0.24 310 7 450.48
0.26 311 4 443.14
0.28 306 6 443.911
0.3 383 8 610.662
0.32 383 8 616.007
0 232 81 398.92
0.02 225 26 373.588
0 226 70 370.989
0.02 225 73 366.092
0.04 230 84 374.056
0.06 226 61 368.552
0.08 221 66 362.956
0.1 214 33 324.203
0.12 212 39 319.303
0.14 209 24 315.819
0.16 211 20 319.249
0.18 214 31 316.654
0.2 212 20 319.335
0.22 316 21 526.429
0.24 315 11 517.551
0.26 318 22 520.116
0.28 311 12 510.39
0.3 308 9 463.765
0.32 316 6 484.757
0.34 313 2 463.888
0 223 117 358.781
0.02 217 87 354.337
0.04 218 92 355.504
0.06 220 103 361.212
0 231 54 371.814
0 301 27 462.325 2475.6
0.02 296 22 452.035 2504.6
0.04 297 29 450.684 2505.2
0.06 294 33 452.115 2482.8
0.08 300 35 458.345 2443.6
0.1 298 25 461.111 2407.2
0.12 299 27 465.604 2382.8
0.14 306 24 466.912 2324.2
0.16 308 22 475.317 2282
0.18 297 10 437.509 2769.2
0.2 300 18 442.415 2722.2
0.22 296 7 430.745 2809.4
0.24 304 6 436.501 2744.4
0.26 297 5 420.553 2921.2
0.28 302 4 427.602 2883.6
0.3 302 8 422.409 2890.8
0.32 299 5 421.146 2883.2
0.34 303 5 426.083 2855.2
0.36 296 1 387.909 3275.8
0.38 451 8 774.154 1518
0.4 540 5 992.135 576
0.42 531 3 981.593 634.4
0.44 529 1 947.041 958.2
0.46 522 3 923.565 1290.4
0.48 606 5 1192.02 440.2
0.5 602 5 1197.14 534.8
0.52 622 9 1247.9 152.2
0.54 589 3 1163.35 579.8
0.56 594 5 1179.9 610.4
0.58 587 8 1154.78 512.6
0.6 587 2 1159.13 578.6
0.62 561 5 1030.65 815.6
0.64 524 3 907.054 1383.2
0.66 577 11 1122.67 289.4
0.68 545 5 1012.67 797.4
0.7 491 4 821.956 1554.8
0.72 518 12 967.911 851
0.74 529 17 1004.05 884.2
0.76 511 40 971.935 525.6
0.78 516 22 936.667 1161.2
0.8 562 54 1141.6 544.6
0.82 513 49 958.702 978.4
0.84 521 50 999.455 771
0.86 440 40 717.384 1303.8
0.88 556 36 1053.16 512.2
0.9 471 36 809.787 1230.8
0.92 456 55 736.683 1565.8
0.94 436 56 676.936 1869.8
0.96 507 65 888.072 1301.2
0.98 470 52 787.392 1707.4
1 467 63 834.848 1271
0 226 86 378.73 2518.6
0.02 226 71 378.403 2508
0.04 228 100 380.91 2496.4
0.06 223 76 372.738 2526.4
0.08 223 67 370.777 2552.2
0.1 212 38 343.392 2868.8
0.12 213 40 342.208 2910
0.14 211 36 338.616 2872.8
0.16 302 61 543.58 1061.4
0.18 307 53 553.985 1016.6
0.2 307 49 553.614 980
0.22 301 55 524.737 1263.4
0.24 293 39 503.863 1419.4
0.26 306 19 482.959 1765.6
0.28 343 20 565.546 1312.8
0.3 346 20 526.382 1882
0.32 334 7 493.806 2203
0.34 337 3 490.949 2189.2
0.36 330 10 477.278 2335.2
0.38 328 6 478.941 2280.2
0.4 324 7 471.831 2309.2
0.42 396 7 639.698 1440.4
0.44 433 5 723.859 1166.8
0.46 435 3 702.951 1495.8
0.48 464 4 776.133 1468.2
0.5 471 3 788.684 1377.4
0.52 497 4 858.926 1409.4
0.54 508 3 859.362 1417.8
0.56 489 3 845.395 1531
0.58 519 5 909.446 1239.8
0.6 519 2 922.983 1157.6
0.62 504 7 865.491 1079.8
0.64 519 17 902.171 1119.6
0.66 469 42 760.895 1462.6
0.68 514 34 883.914 1196
0.7 512 50 882.053 1129.6
0.72 504 45 871.029 1000
0.74 485 35 814.078 1229.2
0.76 513 68 922.225 746.8
0.78 516 102 921.425 750.8
0.8 452 89 729.928 1555.8
0.82 500 91 890.041 713.8
0.84 433 58 654.304 1853.4
0.86 462 95 780.209 1624
0.88 473 98 817.429 1445.4
0.9 459 95 813.369 1484.2
0.92 450 103 772.674 1786.4
0.94 468 130 811.417 1645.2
0.96 451 113 774.642 1876
0.98 451 119 775.718 1930.6
1 461 123 846.816 1523
0 206 10 327.468 3025.6
0.02 208 13 330.392 2966.2
0.04 210 24 330.843 2967.8
0.06 208 9 324.038 3036.8
0.08 208 10 325.986 3008.6
0.1 210 14 324.629 3016.2
0.12 202 11 311.582 3289
0.14 206 12 312.199 3257
0.16 205 6 310.36 3242.4
0.18 199 10 278.966 3750
0.2 199 3 274.978 3770.8
0.22 196 1 273.172 3767
0.24 199 7 270.593 3815.4
0.26 192 1 268.958 3812
0.28 197 2 271.288 3785.2
0.3 196 1 271.842 3769.4
0.32 192 1 264.608 3948.6
0.34 192 1 264.079 3966.4
0.36 190 1 265.037 3952.4
0.38 192 1 262.646 4011.4
0.4 191 1 263.809 3978.8
0.42 189 3 261.698 4097
0.44 195 3 260.45 4132.4
0.46 190 0 258.961 4117.8
0.48 191 2 259.84 4096.6
0.5 193 1 261.201 4063.6
0.52 194 4 260.369 4073.8
0.54 192 2 259.89 4062.8
0.56 194 1 260.467 4115.8
0.58 192 2 259.909 4093
0.6 184 2 256.033 4145.6
0.62 188 0 259.356 4138.6
0.64 185 1 258.431 4076.2
0.66 187 2 258.793 4112.8
0.68 185 1 257.834 4127.4
0.7 180 4 253.436 4163.6
0.72 187 1 258.313 4129.6
0.74 193 0 259.65 4137.4
0.76 187 2 259.835 4096.6
0.78 192 4 259.998 4165.2
0.8 190 2 259.388 4149.2
0.82 188 2 264.587 4080.8
0.84 190 3 266.667 4010.8
0.86 192 2 266.731 4022.2
0.88 189 5 264.033 4039
0.9 184 3 260.704 4082.6
0.92 187 4 264.058 4003.4
0.94 184 4 264.665 4017
0.96 185 4 264.364 4036.4
0.98 178 2 259.917 4056.6
1 427 69 813.946 1700.6
0 336 95 569.166 1751.4
0.02 337 79 566.223 1737
0.04 343 88 577.332 1673
0.06 342 59 561.978 1899
0.08 324 26 501.415 2295.4
0.1 325 26 509.086 2192.8
0.12 422 28 772.767 801.8
0.14 429 33 799.6 698.2
0.16 416 22 768.87 793.8
0.18 413 16 761.173 821.6
0.2 414 15 746.048 853.2
0.22 442 10 783.129 805.8
0.24 446 16 808.151 1186.2
0.26 448 12 810.506 713.4
0.28 448 13 799.11 774.8
0.3 430 7 768.002 776.8
0.32 439 5 755.245 1223.8
0.34 440 5 753.162 1306
0.36 428 2 715.646 1264.6
0.38 443 8 755.118 1083.4
0.4 436 8 705.523 1655.4
0.42 430 4 693.714 1727
0.44 426 6 671.157 1752.4
0.46 422 2 646.395 1926.8
0.48 426 6 661.654 1725.6
0.5 552 6 1041.42 568.4
0.52 561 14 1055.95 562
0.54 547 7 984.758 541.6
0.56 546 18 1041.14 548.6
0.58 533 25 955.343 885.2
0.6 537 16 1009.97 774.2
0.62 535 27 1000.89 776.4
0.64 530 28 933.97 958.2
0.66 487 22 878.452 1152.6
0.68 474 29 906.831 848.2
0.7 536 80 1026.12 284
0.72 485 39 867.747 1172.6
0.74 477 61 829.439 601.2
0.76 518 79 935.926 502.8
0.78 458 64 781.757 1170.6
0.8 439 53 710.971 1182.4
0.82 448 100 684.609 1449.8
0.84 459 99 738.789 1777
0.86 395 82 590.348 2044
0 226 59 0.47
0.02 216 33 0.31
0.04 213 31 0.22
0 223 47 0.179982
0.02 221 48 0.319968
0.04 222 52 0.519948
0 253 107 0.019998
0.02 243 48 0.29997
0.04 239 45 0.219978
0.06 238 34 0.519948
0.08 238 40 0.219978
0.1 242 24 0.569943
0.12 235 7 0.359964
0.14 235 12 0.309969
0.16 323 16 0.009999
0.18 320 14 0.169983
0 275 20 0.109989
0.02 277 21 0.239976
0 268 46 31.9222
0.02 262 35 32.429
0 239 13 39.6041
0 351 39 24.0193
0 221 34 38.8556
0 211 16 13.878
0.02 214 25 13.8169
0.04 214 17 13.8956
0.06 215 15 13.8394
0.08 293 27 10.5404
0.1 289 31 10.7258
0.12 289 19 11.4736
0.14 290 15 11.3757
0.16 285 8 11.6082
0.18 287 10 11.4105
0.2 283 13 12.1622
0.22 278 9 12.191
0.24 372 7 11.7898
0.26 371 9 11.822
0.28 373 5 11.8475
0.3 381 2 12.136
0.32 381 5 13.0812
0.34 367 5 12.9777
0.36 362 3 13.4191
0.38 365 3 13.7838
0.4 376 5 13.6998
0.42 375 6 12.8703
0.44 416 3 11.1157
0.46 498 8 8.63645
0.48 506 3 7.77405
0.5 491 5 8.75712
0.52 547 9 7.54832
0.54 552 4 6.98606
0.56 524 6 8.42257
0.58 490 6 8.47787
0.6 470 7 8.22236
0.62 477 11 8.51752
0.64 483 7 8.88329
0.66 451 8 9.29725
0.68 443 22 9.47237
0.7 453 27 10.3791
0.72 481 43 10.8095
0.74 400 19 10.6317
0.76 493 41 8.30251
0.78 475 60 8.10348
0.8 456 81 9.21564
0.82 478 81 9.33817
0.84 552 107 6.77674
0.86 549 99 5.5536
0.88 452 81 9.28348
0.9 444 56 9.12332
0.92 427 70 9.25019
0.94 430 67 9.36334
0.96 430 81 9.04507
0.98 444 79 8.99407
1 484 116 8.5037
0 267 56 12.9795
0.02 269 48 12.8004
0.04 269 34 12.9358
0.06 269 48 13.248
0.08 266 41 12.9563
0.1 258 39 13.1834
0.12 261 35 13.2068
0.14 255 36 13.3776
